128166410318061000 	Write	3156835840	4096
128166410318061000 	Write	3154148864	4096
128166410318061000 	Write	3154144768	4096
128166410368088000 	Write	3221261824	4096
128166410397311000 	Write	3221282304	8192
128166410418100000 	Write	3156839936	4096
128166410418100000 	Write	3154152960	4096
128166410418100000 	Write	3154140672	4096
128166410468111000 	Write	36417482240	4096
128166410518123000 	Write	3154148864	4096
128166410518123000 	Write	3154144768	4096
128166411848907000 	Write	3154152960	4096
128166411848907000 	Write	3154140672	4096
128166411898919000 	Write	3221282304	4096
128166411948931000 	Write	3156844032	4096
128166411948931000 	Write	3154148864	4096
128166411948931000 	Write	3154144768	4096
128166554283938000 	Write	3154152960	4096
128166554283939000 	Write	36417482240	4096
128166554307064000 	Write	3156848128	4096
128166554307065000 	Write	3154148864	4096
128166554307065000 	Write	3154140672	4096
128166554353938000 	Write	3221261824	4096
128166554353939000 	Write	3221282304	8192
128166554357064000 	Write	3154152960	4096
128166554357064000 	Write	3154144768	4096
128166554407064000 	Write	36417482240	4096
128166554457064000 	Write	3154148864	4096
128166554457064000 	Write	3154140672	4096
128166555807055000 	Write	3156852224	4096
128166555807055000 	Write	3154152960	4096
128166555807055000 	Write	3154144768	4096
128166555857054000 	Write	3221282304	4096
128166555907054000 	Write	3154148864	4096
128166555907054000 	Write	3154140672	4096
128166698306143000 	Write	3156856320	4096
128166698306143000 	Write	3154152960	4096
128166698306143000 	Write	3154144768	4096
128166698323015000 	Write	36417482240	4096
128166698356142000 	Write	3221261824	4096
128166698363016000 	Write	3221282304	8192
128166698406142000 	Write	3154148864	4096
128166698406142000 	Write	3154140672	4096
128166699573166000 	Write	3156860416	4096
128166699573166000 	Write	3154144768	4096
128166699573166000 	Write	3154152960	4096
128166699623166000 	Write	3221282304	4096
128166699673165000 	Write	3154148864	4096
128166699673165000 	Write	3154140672	4096
128166843158941000 	Write	3156864512	4096
128166843158941000 	Write	3154152960	4096
128166843158941000 	Write	3154144768	4096
128166843208940000 	Write	3221261824	4096
128166843245032000 	Write	3221282304	8192
128166843258940000 	Write	3156868608	4096
128166843258940000 	Write	3154148864	4096
128166843258940000 	Write	3154140672	4096
128166843305032000 	Write	36417482240	4096
128166843308940000 	Write	3154152960	4096
128166843308940000 	Write	3154144768	4096
128166844707681000 	Write	3156872704	4096
128166844707681000 	Write	3154148864	4096
128166844707681000 	Write	3154140672	4096
128166844757680000 	Write	3221282304	4096
128166844807679000 	Write	3154152960	4096
128166844807680000 	Write	3154144768	4096
128166986326149000 	Write	3154148864	4096
128166986326149000 	Write	3156876800	4096
128166986326149000 	Write	3154140672	4096
128166986376149000 	Write	3221261824	4096
128166986398804000 	Write	3221282304	8192
128166986426149000 	Write	3154152960	4096
128166986426149000 	Write	3154144768	4096
128166986468803000 	Write	36417482240	4096
128166986476148000 	Write	3156880896	4096
128166986476148000 	Write	3154148864	4096
128166986476148000 	Write	3154140672	4096
128166987658016000 	Write	3154152960	4096
128166987658016000 	Write	3154144768	4096
128166987708015000 	Write	3221282304	4096
128166987758015000 	Write	3154148864	4096
128166987758015000 	Write	3154140672	4096
128167050938335000 	Read	2742005248	65536
128167130323362000 	Write	3156884992	8192
128167130323363000 	Write	3154152960	4096
128167130323363000 	Write	3154144768	4096
128167130357111000 	Write	3221261824	4096
128167130357112000 	Write	3221282304	8192
128167130373362000 	Write	3154148864	4096
128167130373362000 	Write	3154140672	4096
128167130423362000 	Write	36417482240	4096
128167130473362000 	Write	3154152960	4096
128167130473362000 	Write	3154144768	4096
128167131893664000 	Write	3156893184	4096
128167131893665000 	Write	3154148864	4096
128167131893665000 	Write	3154140672	4096
128167131943664000 	Write	3221282304	4096
128167131993664000 	Write	3154152960	4096
128167131993665000 	Write	3154144768	4096
128167274289160000 	Write	3156897280	4096
128167274289160000 	Write	3154148864	4096
128167274289160000 	Write	3154140672	4096
128167274305877000 	Write	36417482240	4096
128167274339160000 	Write	3221261824	4096
128167274375876000 	Write	3221282304	8192
128167274389159000 	Write	3154152960	4096
128167274389159000 	Write	3154144768	4096
128167275586495000 	Write	3156901376	4096
128167275586495000 	Write	3154148864	4096
128167275586496000 	Write	3154140672	4096
128167275636495000 	Write	3221282304	4096
128167275686495000 	Write	3154152960	4096
128167275686495000 	Write	3154144768	4096
128167418308073000 	Write	3156905472	4096
128167418308073000 	Write	3154148864	4096
128167418308073000 	Write	3154140672	4096
128167418358073000 	Write	3221261824	4096
128167418358853000 	Write	3221282304	8192
128167418408073000 	Write	3156909568	4096
128167418408073000 	Write	3154152960	4096
128167418408073000 	Write	3154144768	4096
128167418458072000 	Write	36417482240	4096
128167418508072000 	Write	3154148864	4096
128167418508072000 	Write	3154140672	4096
128167419832751000 	Write	3156913664	4096
128167419832751000 	Write	3154152960	4096
128167419832751000 	Write	3154144768	4096
128167419882751000 	Write	3221282304	4096
128167419932751000 	Write	3154148864	4096
128167419932751000 	Write	3154140672	4096
128167562294025000 	Write	3154152960	4096
128167562294027000 	Write	36417482240	4096
128167562310589000 	Write	3156917760	4096
128167562310589000 	Write	3154148864	4096
128167562310589000 	Write	3154144768	4096
128167562360589000 	Write	3221261824	4096
128167562364025000 	Write	3221282304	8192
128167562410589000 	Write	3154152960	4096
128167562410589000 	Write	3154140672	4096
128167563936828000 	Write	3156921856	4096
128167563936829000 	Write	3154148864	4096
128167563936829000 	Write	3154144768	4096
128167563986828000 	Write	3221282304	4096
128167564036827000 	Write	3154152960	4096
128167564036828000 	Write	3154140672	4096
128167707128256000 	Write	3154148864	4096
128167707128256000 	Write	3156925952	4096
128167707128256000 	Write	3154144768	4096
128167707178256000 	Write	3221261824	4096
128167707195130000 	Write	3221282304	8192
128167707228256000 	Write	3154152960	4096
128167707228256000 	Write	3154140672	4096
128167707278255000 	Write	36417482240	4096
128167707328255000 	Write	3154148864	4096
128167707328255000 	Write	3156930048	4096
128167707328255000 	Write	3154144768	4096
128167708678246000 	Write	3154152960	4096
128167708678246000 	Write	3154140672	4096
128167708728246000 	Write	3221282304	4096
128167708778246000 	Write	3154148864	4096
128167708778246000 	Write	3154144768	4096
128167850287956000 	Write	3156934144	4096
128167850287958000 	Write	36417482240	4096
128167850287958000 	Write	3154152960	4096
128167850290458000 	Write	3154148864	4096
128167850290458000 	Write	3156938240	4096
128167850290458000 	Write	3154140672	4096
128167850340458000 	Write	3221261824	4096
128167850390458000 	Write	3154152960	4096
128167850390458000 	Write	3154144768	4096
128167850417956000 	Write	3221282304	8192
128167850440457000 	Write	3154148864	4096
128167850440457000 	Write	3154140672	4096
128167851876386000 	Write	3156942336	4096
128167851876386000 	Write	3154152960	4096
128167851876386000 	Write	3154144768	4096
128167851926385000 	Write	3221282304	4096
128167851976385000 	Write	3154148864	4096
128167851976385000 	Write	3154140672	4096
128167994329224000 	Write	3156946432	4096
128167994329224000 	Write	3154144768	4096
128167994329224000 	Write	3154152960	4096
128167994337817000 	Write	3221261824	4096
128167994337818000 	Write	3221282304	8192
128167994379224000 	Write	3156950528	4096
128167994379224000 	Write	3154148864	4096
128167994379224000 	Write	3154140672	4096
128167994429223000 	Write	36417482240	4096
128167994479223000 	Write	3154152960	4096
128167994479223000 	Write	3154144768	4096
128167995829214000 	Write	3154148864	4096
128167995829214000 	Write	3156954624	4096
128167995829214000 	Write	3154140672	4096
128167995879214000 	Write	3221282304	4096
128167995929214000 	Write	3154152960	4096
128167995929214000 	Write	3154144768	4096
128168138310687000 	Write	3154148864	4096
128168138310687000 	Write	3156958720	4096
128168138310687000 	Write	3154140672	4096
128168138325217000 	Write	36417482240	4096
128168138360686000 	Write	3221261824	4096
128168138365216000 	Write	3221282304	8192
128168138410686000 	Write	3154152960	4096
128168138410686000 	Write	3154144768	4096
128168139681458000 	Write	3154148864	4096
128168139681459000 	Write	3156962816	4096
128168139681459000 	Write	3154140672	4096
128168139731459000 	Write	3221282304	4096
128168139781458000 	Write	3154152960	4096
128168139781459000 	Write	3154144768	4096
128168282331484000 	Write	3156966912	4096
128168282331484000 	Write	3154148864	4096
128168282331484000 	Write	3154140672	4096
128168282381483000 	Write	3221261824	4096
128168282389295000 	Write	3221282304	8192
128168282431483000 	Write	3154152960	4096
128168282431483000 	Write	3154144768	4096
128168282481483000 	Write	36417482240	4096
128168282531481000 	Write	3156971008	4096
128168282531482000 	Write	3154148864	4096
128168282531482000 	Write	3154140672	4096
128168283881474000 	Write	3154152960	4096
128168283881474000 	Write	3154144768	4096
128168283931473000 	Write	3221282304	4096
128168283981473000 	Write	3154148864	4096
128168283981473000 	Write	3154140672	4096
128168426291926000 	Write	3156975104	4096
128168426291927000 	Write	3154152960	4096
128168426291927000 	Write	36417482240	4096
128168426310677000 	Write	3154148864	4096
128168426310677000 	Write	3154144768	4096
128168426341925000 	Write	3221261824	4096
128168426341926000 	Write	3221282304	8192
128168426360676000 	Write	3156979200	4096
128168426360676000 	Write	3154152960	4096
128168426360676000 	Write	3154140672	4096
128168427840979000 	Write	3154148864	4096
128168427840979000 	Write	3154144768	4096
128168427890979000 	Write	3221282304	4096
128168427940979000 	Write	3154152960	4096
128168427940979000 	Write	3154140672	4096
128168560032632000 	Write	2761149952	8192
128168570333192000 	Write	3156983296	4096
128168570333192000 	Write	3154148864	4096
128168570333192000 	Write	3154144768	4096
128168570383192000 	Write	3221261824	4096
128168570385222000 	Write	3221282304	8192
128168570433192000 	Write	3154140672	4096
128168570433192000 	Write	3156987392	4096
128168570433192000 	Write	3154152960	4096
128168570483191000 	Write	36417482240	4096
128168570533190000 	Write	3154148864	4096
128168570533191000 	Write	3154144768	4096
128168571814120000 	Write	3156991488	4096
128168571814120000 	Write	3154152960	4096
128168571814121000 	Write	3154140672	4096
128168571864120000 	Write	3221282304	4096
128168571914120000 	Write	3154148864	4096
128168571914120000 	Write	3154144768	4096
128168714294241000 	Write	3156995584	4096
128168714294242000 	Write	3154152960	4096
128168714294243000 	Write	36417482240	4096
128168714334243000 	Write	3154148864	4096
128168714334243000 	Write	3154140672	4096
128168714374241000 	Write	3221261824	4096
128168714374243000 	Write	3221282304	8192
128168714384243000 	Write	3154152960	4096
128168714384243000 	Write	3154144768	4096
128168715869087000 	Write	3156999680	4096
128168715869087000 	Write	3154148864	4096
128168715869087000 	Write	3154140672	4096
128168715919087000 	Write	3221282304	4096
128168715969087000 	Write	3154152960	4096
128168715969087000 	Write	3154144768	4096
128168858310540000 	Write	3154148864	4096
128168858310540000 	Write	3157003776	4096
128168858310540000 	Write	3154140672	4096
128168858351945000 	Write	3221261824	4096
128168858351945000 	Write	3221282304	8192
128168858360539000 	Write	3157007872	4096
128168858360539000 	Write	3154152960	4096
128168858360539000 	Write	3154144768	4096
128168858410539000 	Write	36417482240	4096
128168858460539000 	Write	3154148864	4096
128168858460539000 	Write	3154140672	4096
128168859900529000 	Write	3157011968	4096
128168859900530000 	Write	3154152960	4096
128168859900530000 	Write	3154144768	4096
128168859950529000 	Write	3221282304	4096
128168860000529000 	Write	3154148864	4096
128168860000529000 	Write	3154140672	4096
128169002310555000 	Write	3157016064	4096
128169002310556000 	Write	3154152960	4096
128169002310556000 	Write	3154144768	4096
128169002315085000 	Write	36417482240	4096
128169002355085000 	Write	3221261824	4096
128169002355086000 	Write	3221282304	8192
128169002360555000 	Write	3154148864	4096
128169002360555000 	Write	3154140672	4096
128169003682422000 	Write	3157020160	4096
128169003682422000 	Write	3154152960	4096
128169003682422000 	Write	3154144768	4096
128169003732421000 	Write	3221282304	4096
128169003782421000 	Write	3154148864	4096
128169003782421000 	Write	3154140672	4096
128169146287162000 	Write	3157024256	4096
128169146287162000 	Write	3154152960	4096
128169146287162000 	Write	3154144768	4096
128169146335599000 	Write	3221261824	4096
128169146335600000 	Write	3221282304	8192
128169146337163000 	Write	3154148864	4096
128169146337163000 	Write	3154140672	4096
128169146387164000 	Write	36417482240	4096
128169146437166000 	Write	3157028352	4096
128169146437166000 	Write	3154144768	4096
128169146437166000 	Write	3154152960	4096
128169147637187000 	Write	3154148864	4096
128169147637187000 	Write	3154140672	4096
128169147687188000 	Write	3221282304	4096
128169147737188000 	Write	3154152960	4096
128169147737188000 	Write	3154144768	4096
128169290332857000 	Write	3157032448	4096
128169290332859000 	Write	3154148864	4096
128169290332859000 	Write	36417482240	4096
128169290332859000 	Write	3154152960	4096
128169290332859000 	Write	3154140672	4096
128169290382858000 	Write	3221261824	4096
128169290392856000 	Write	3221282304	8192
128169290432858000 	Write	3157036544	4096
128169290432858000 	Write	3154148864	4096
128169290432858000 	Write	3154144768	4096
128169291832849000 	Write	3154152960	4096
128169291832849000 	Write	3154140672	4096
128169291882849000 	Write	3221282304	4096
128169291932848000 	Write	3154148864	4096
128169291932848000 	Write	3154144768	4096
128169435110669000 	Write	3157040640	4096
128169435110669000 	Write	3154152960	4096
128169435110669000 	Write	3154140672	4096
128169435160669000 	Write	3221261824	4096
128169435210669000 	Write	3157044736	4096
128169435210669000 	Write	3154148864	4096
128169435210669000 	Write	3154144768	4096
128169435215823000 	Write	3221282304	8192
128169435260669000 	Write	36417482240	4096
128169435310669000 	Write	3154152960	4096
128169435310669000 	Write	3154140672	4096
128169436737699000 	Write	3157048832	4096
128169436737700000 	Write	3154148864	4096
128169436737700000 	Write	3154144768	4096
128169436787699000 	Write	3221282304	4096
128169436837699000 	Write	3154152960	4096
128169436837700000 	Write	3154140672	4096
128169578298705000 	Write	3157052928	4096
128169578298706000 	Write	3154148864	4096
128169578298706000 	Write	36417482240	4096
128169578310894000 	Write	3154152960	4096
128169578310894000 	Write	3154144768	4096
128169578358705000 	Write	3221261824	4096
128169578358706000 	Write	3221282304	8192
128169578360894000 	Write	3154148864	4096
128169578360894000 	Write	3154140672	4096
128169579883550000 	Write	3157057024	4096
128169579883550000 	Write	3154152960	4096
128169579883550000 	Write	3154144768	4096
128169579933550000 	Write	3221282304	4096
128169579983550000 	Write	3154148864	4096
128169579983550000 	Write	3154140672	4096
128169722321320000 	Write	3157061120	4096
128169722321320000 	Write	3154152960	4096
128169722321320000 	Write	3154144768	4096
128169722338193000 	Write	3221261824	4096
128169722338194000 	Write	3221282304	8192
128169722371320000 	Write	3157065216	4096
128169722371320000 	Write	3154140672	4096
128169722371320000 	Write	3154148864	4096
128169722421320000 	Write	36417482240	4096
128169722471320000 	Write	3154152960	4096
128169722471320000 	Write	3154144768	4096
128169723821320000 	Write	3154140672	4096
128169723821320000 	Write	3157069312	4096
128169723821320000 	Write	3154148864	4096
128169723871320000 	Write	3221282304	4096
128169723921320000 	Write	3154152960	4096
128169723921320000 	Write	3154144768	4096
128169866295150000 	Write	3154148864	4096
128169866295152000 	Write	36417482240	4096
128169866310777000 	Write	3157073408	4096
128169866310777000 	Write	3154140672	4096
128169866310777000 	Write	3154152960	4096
128169866355151000 	Write	3221261824	4096
128169866355151000 	Write	3221282304	8192
128169866360777000 	Write	3154148864	4096
128169866360777000 	Write	3154144768	4096
128169867721089000 	Write	3157077504	4096
128169867721089000 	Write	3154140672	4096
128169867721089000 	Write	3154152960	4096
128169867771089000 	Write	3221282304	4096
128169867821089000 	Write	3154148864	4096
128169867821089000 	Write	3154144768	4096
128170010310746000 	Write	3154152960	4096
128170010310747000 	Write	3157081600	4096
128170010310747000 	Write	3154140672	4096
128170010360747000 	Write	3221261824	4096
128170010378558000 	Write	3221282304	8192
128170010410747000 	Write	3154148864	4096
128170010410747000 	Write	3154144768	4096
128170010438557000 	Write	36417482240	4096
128170010460747000 	Write	3157085696	4096
128170010460747000 	Write	3154152960	4096
128170010460747000 	Write	3154140672	4096
128170011914653000 	Write	3154148864	4096
128170011914653000 	Write	3154144768	4096
128170011964653000 	Write	3221282304	4096
128170012014653000 	Write	3154152960	4096
128170012014653000 	Write	3154140672	4096
128170154310769000 	Write	3157089792	4096
128170154310769000 	Write	3154148864	4096
128170154310769000 	Write	3154144768	4096
128170154359518000 	Write	3221261824	4096
128170154359519000 	Write	3221282304	8192
128170154360769000 	Write	3157093888	4096
128170154360769000 	Write	3154152960	4096
128170154360769000 	Write	3154140672	4096
128170154410769000 	Write	36417482240	4096
128170154460769000 	Write	3154148864	4096
128170154460769000 	Write	3154144768	4096
128170155890926000 	Write	3157097984	4096
128170155890926000 	Write	3154152960	4096
128170155890926000 	Write	3154140672	4096
128170155940925000 	Write	3221282304	4096
128170155990925000 	Write	3154148864	4096
128170155990926000 	Write	3154144768	4096
128170298291636000 	Write	3157102080	4096
128170298291636000 	Write	3154152960	4096
128170298291636000 	Write	3154140672	4096
128170298315228000 	Write	36417482240	4096
128170298341636000 	Write	3221261824	4096
128170298391636000 	Write	3157106176	4096
128170298391636000 	Write	3154148864	4096
128170298391636000 	Write	3154144768	4096
128170298435228000 	Write	3221282304	8192
128170298441636000 	Write	3154152960	4096
128170298441636000 	Write	3154140672	4096
128170299723355000 	Write	3154148864	4096
128170299723355000 	Write	3154144768	4096
128170299773355000 	Write	3221282304	4096
128170299823355000 	Write	3157110272	4096
128170299823355000 	Write	3154152960	4096
128170299823355000 	Write	3154140672	4096
128170312741790000 	Write	2761149952	8192
128170441336555000 	Read	2741743104	65536
128170442310690000 	Write	3157114368	4096
128170442310690000 	Write	3154148864	4096
128170442310690000 	Write	3154144768	4096
128170442360690000 	Write	3221261824	4096
128170442369751000 	Write	3221282304	8192
128170442410690000 	Write	3154152960	4096
128170442410690000 	Write	3154140672	4096
128170442460690000 	Write	36417482240	4096
128170442510690000 	Write	3154148864	4096
128170442510690000 	Write	3154144768	4096
128170443833971000 	Write	3157118464	4096
128170443833971000 	Write	3154152960	4096
128170443833971000 	Write	3154140672	4096
128170443883971000 	Write	3221282304	4096
128170443933971000 	Write	3154148864	4096
128170443933971000 	Write	3154144768	4096
128170586302417000 	Write	3157122560	4096
128170586302417000 	Write	36417482240	4096
128170586302418000 	Write	3154152960	4096
128170586322418000 	Write	3154148864	4096
128170586322418000 	Write	3154140672	4096
128170586372418000 	Write	3221261824	4096
128170586382416000 	Write	3221282304	8192
128170586422417000 	Write	3157126656	4096
128170586422418000 	Write	3154152960	4096
128170586422418000 	Write	3154144768	4096
128170587824449000 	Write	3154148864	4096
128170587824449000 	Write	3154140672	4096
128170587874449000 	Write	3221282304	4096
128170587924449000 	Write	3154152960	4096
128170587924449000 	Write	3154144768	4096
128170730310867000 	Write	3157130752	4096
128170730310867000 	Write	3154148864	4096
128170730310867000 	Write	3154140672	4096
128170730356022000 	Write	3221261824	4096
128170730356023000 	Write	3221282304	8192
128170730360867000 	Write	3157134848	4096
128170730360867000 	Write	3154152960	4096
128170730360867000 	Write	3154144768	4096
128170730410867000 	Write	36417482240	4096
128170730460867000 	Write	3154148864	4096
128170730460867000 	Write	3154140672	4096
128170731724929000 	Write	3157138944	4096
128170731724929000 	Write	3154152960	4096
128170731724929000 	Write	3154144768	4096
128170731774929000 	Write	3221282304	4096
128170731824929000 	Write	3154148864	4096
128170731824929000 	Write	3154140672	4096
128170874310576000 	Write	3157143040	4096
128170874310576000 	Write	3154152960	4096
128170874310576000 	Write	3154144768	4096
128170874330574000 	Write	36417482240	4096
128170874350575000 	Write	3221261824	4096
128170874350576000 	Write	3221282304	8192
128170874360576000 	Write	3154148864	4096
128170874360576000 	Write	3154140672	4096
128170875849169000 	Write	3154152960	4096
128170875849170000 	Write	3157147136	4096
128170875849170000 	Write	3154144768	4096
128170875899170000 	Write	3221282304	4096
128170875949170000 	Write	3154148864	4096
128170875949170000 	Write	3154140672	4096
128171018311853000 	Write	3154152960	4096
128171018311853000 	Write	3154144768	4096
128171018311853000 	Write	3157151232	4096
128171018361859000 	Write	3221261824	4096
128171018362014000 	Write	3221282304	8192
128171018411866000 	Write	3157155328	4096
128171018411866000 	Write	3154148864	4096
128171018411866000 	Write	3154140672	4096
128171018452026000 	Write	36417482240	4096
128171018461872000 	Write	3154152960	4096
128171018461872000 	Write	3154144768	4096
128171019869552000 	Write	3154148864	4096
128171019869552000 	Write	3154140672	4096
128171019919559000 	Write	3221282304	4096
128171019969565000 	Write	3157159424	4096
128171019969565000 	Write	3154152960	4096
128171019969565000 	Write	3154144768	4096
128171162310684000 	Write	3157163520	4096
128171162310684000 	Write	3154148864	4096
128171162310684000 	Write	3154140672	4096
128171162360684000 	Write	3221261824	4096
128171162365682000 	Write	3221282304	8192
128171162410684000 	Write	3154152960	4096
128171162410684000 	Write	3154144768	4096
128171162460684000 	Write	36417482240	4096
128171162510683000 	Write	3154148864	4096
128171162510684000 	Write	3154140672	4096
128171163826465000 	Write	3157167616	4096
128171163826465000 	Write	3154152960	4096
128171163826465000 	Write	3154144768	4096
128171163876465000 	Write	3221282304	4096
128171163926465000 	Write	3154148864	4096
128171163926465000 	Write	3154140672	4096
128171275290993000 	Write	10860032	61440
128171275370929000 	Read	2733420032	65536
128171275371106000 	Read	2742267392	65536
128171275371116000 	Read	2733551104	65536
128171275371117000 	Read	2732117504	57344
128171275371129000 	Read	2732371456	65536
128171275371141000 	Read	2732436992	65536
128171275371259000 	Read	2732633600	65536
128171275371296000 	Read	2732305920	65536
128171306292715000 	Write	3157171712	4096
128171306292715000 	Write	3154152960	4096
128171306292715000 	Write	3154144768	4096
128171306299433000 	Write	36417482240	4096
128171306342715000 	Write	3221261824	4096
128171306359433000 	Write	3221282304	8192
128171306392715000 	Write	3157175808	4096
128171306392715000 	Write	3154140672	4096
128171307894746000 	Write	3154148864	4096
128171307894746000 	Write	3154144768	4096
128171307944745000 	Write	3221282304	4096
128171307994745000 	Write	3154152960	4096
128171307994746000 	Write	3154140672	4096
128171450320643000 	Write	3157179904	4096
128171450320644000 	Write	3154148864	4096
128171450320644000 	Write	3154144768	4096
128171450370644000 	Write	3221261824	4096
128171450394548000 	Write	3221282304	8192
128171450420644000 	Write	3157184000	4096
128171450420644000 	Write	3154152960	4096
128171450420644000 	Write	3154140672	4096
128171450454549000 	Write	36417482240	4096
128171450470643000 	Write	3154148864	4096
128171450470644000 	Write	3154144768	4096
128171450570644000 	Write	3157188096	4096
128171450570644000 	Write	3154140672	4096
128171450570644000 	Write	3154152960	4096
128171450620644000 	Write	3221282304	4096
128171450670644000 	Write	3154148864	4096
128171450670644000 	Write	3154144768	4096
128171594287050000 	Write	3157192192	4096
128171594287050000 	Write	3154152960	4096
128171594287050000 	Write	3154140672	4096
128171594337050000 	Write	3221261824	4096
128171594355174000 	Write	3154148864	4096
128171594355175000 	Write	3221282304	8192
128171594387050000 	Write	3157196288	4096
128171594387050000 	Write	3154152960	4096
128171594387050000 	Write	3154144768	4096
128171594437050000 	Write	36417482240	4096
128171594487050000 	Write	3154148864	4096
128171594487050000 	Write	3154140672	4096
128171595737050000 	Write	3154152960	4096
128171595737050000 	Write	3154144768	4096
128171595787050000 	Write	3221282304	4096
128171595837050000 	Write	3157200384	4096
128171595837050000 	Write	3154148864	4096
128171595837050000 	Write	3154140672	4096
128171738297590000 	Write	3157204480	4096
128171738297591000 	Write	3154152960	4096
128171738297591000 	Write	3154144768	4096
128171738307589000 	Write	36417482240	4096
128171738347589000 	Write	3221261824	4096
128171738347590000 	Write	3221282304	8192
128171738347591000 	Write	3154148864	4096
128171738347591000 	Write	3154140672	4096
128171739829153000 	Write	3154152960	4096
128171739829153000 	Write	3154144768	4096
128171739879153000 	Write	3221282304	4096
128171739929153000 	Write	3154148864	4096
128171739929153000 	Write	3154140672	4096
128171739929153000 	Write	3157208576	4096
128171882320559000 	Write	3157212672	4096
128171882320559000 	Write	3154152960	4096
128171882320560000 	Write	3154144768	4096
128171882366183000 	Write	3221261824	4096
128171882366184000 	Write	3221282304	8192
128171882370559000 	Write	3154148864	4096
128171882370560000 	Write	3154140672	4096
128171882420559000 	Write	36417482240	4096
128171882470559000 	Write	3154152960	4096
128171882470560000 	Write	3154144768	4096
128171883829153000 	Write	3154148864	4096
128171883829153000 	Write	3157216768	4096
128171883829153000 	Write	3154140672	4096
128171883879153000 	Write	3221282304	4096
128171883929153000 	Write	3154152960	4096
128171883929153000 	Write	3154144768	4096
128172027145147000 	Write	3157220864	4096
128172027145149000 	Write	3154148864	4096
128172027145149000 	Write	36417482240	4096
128172027160930000 	Write	3154152960	4096
128172027160930000 	Write	3154140672	4096
128172027210930000 	Write	3221261824	4096
128172027235147000 	Write	3221282304	8192
128172027260930000 	Write	3154148864	4096
128172027260930000 	Write	3154144768	4096
128172028698899000 	Write	3157224960	4096
128172028698899000 	Write	3154152960	4096
128172028698899000 	Write	3154140672	4096
128172028748899000 	Write	3221282304	4096
128172028798899000 	Write	3154148864	4096
128172028798899000 	Write	3154144768	4096
128172170310774000 	Write	3157229056	4096
128172170310774000 	Write	3154152960	4096
128172170310774000 	Write	3154140672	4096
128172170360774000 	Write	3221261824	4096
128172170380304000 	Write	3221282304	8192
128172170410774000 	Write	3154148864	4096
128172170410774000 	Write	3157233152	4096
128172170410774000 	Write	3154144768	4096
128172170460774000 	Write	36417482240	4096
128172170510773000 	Write	3154152960	4096
128172170510774000 	Write	3154140672	4096
128172171948899000 	Write	3154148864	4096
128172171948899000 	Write	3157237248	4096
128172171948899000 	Write	3154144768	4096
128172171998898000 	Write	3221282304	4096
128172172048898000 	Write	3154152960	4096
128172172048899000 	Write	3154140672	4096
128172314288898000 	Write	3154148864	4096
128172314288899000 	Write	36417482240	4096
128172314299055000 	Write	3157241344	4096
128172314299055000 	Write	3154152960	4096
128172314299055000 	Write	3154144768	4096
128172314349055000 	Write	3221261824	4096
128172314388897000 	Write	3221282304	8192
128172314399055000 	Write	3154148864	4096
128172314399055000 	Write	3154140672	4096
128172315848899000 	Write	3157245440	4096
128172315848899000 	Write	3154152960	4096
128172315848899000 	Write	3154144768	4096
128172315898899000 	Write	3221282304	4096
128172315948899000 	Write	3154148864	4096
128172315948899000 	Write	3154140672	4096
128172379937472000 	Read	2741218816	65536